The prime numbers are:
1009
1013
1019
1021
3203
2111
1031
2113
1033
3209
1039
1049
1051
3217
1061
2129
1063
2131
3221
1069
2137
2141
3229
2143
1087
1091
1093
1097
2153
1103
1109
2161
1117
1123
1129
9803
3251
3253
6521
2179
1151
3257
1153
3259
1163
1171
6529
1181
1187
3271
2203
9811
1193
2207
1201
2213
1213
1217
2221
1223
1229
1231
1237
9817
1249
3299
2237
3301
2239
1259
2243
6547
3307
2251
1277
3313
1279
6551
1283
1289
6553
1291
3319
1297
1301
1303
3323
2267
1307
2269
2273
3329
1319
1321
3331
1327
6563
2281
21911
9829
2287
2293
6569
3343
2297
6571
9833
1361
3347
1367
1373
2309
2311
6577
1381
3359
6581
3361
1399
9839
1409
2333
2339
1423
2341
3371
1427
1429
3373
1433
2347
1439
1447
46103
1451
1453
1459
1471
1481
1483
3389
2351
1487
1489
3391
1493
2357
1499
9851
1511
2371
1523
2377
1531
2381
2383
1543
2389
1549
2393
9857
1553
1559
2399
1567
9859
1571
2411
1579
1583
2417
2423
2437
6599
2441
2447
6607
2459
12007
2467
2473
2477
12011
2503
23003
2521
2531
2539
2543
2549
2551
2557
2579
2591
2593
23011
2609
13103
2617
2621
20807
13109
20809
23017
24103
13121
24107
13127
32909
51607
19709
13147
13151
19717
32911
13159
19727
32917
12037
12041
12043
30703
12049
3407
3413
12071
12073
39503
3433
56003
3449
3457
3461
3463
3467
3469
28513
3491
36209
3499
3511
45007
3517
56009
3527
3529
3533
3539
3541
24109
36217
24113
45013
27407
27409
57107
18617
36229
6619
1597
1601
1607
1609
1613
1619
1621
1627
40609
1637
6637
1657
1663
1667
1669
35107
8707
8713
8719
35111
31817
61507
35117
21929
21937
61511
8731
29611
63703
35129
21943
63709
35141
8737
8741
8747
37307
39509
37309
85703
39511
67003
37313
18637
37321
8753
8761
14207
14221
30707
43913
30713
31847
14243
70309
31849
41719
14249
14251
1693
1697
1699
1709
17509
1721
1723
1733
1741
1747
1753
1759
21961
1777
1783
1787
1789
1801
1811
1823
1831
1847
17519
48311
1861
1867
1871
1873
1877
1879
1889
48313
1901
1907
1913
1931
1933
1949
1951
1973
1979
1987
1993
1997
1999
2003
2011
2017
2027
2029
2633
2039
2647
2657
2659
71411
8779
2663
2671
8783
2677
2683
2687
2689
71413
2693
2699
32933
2707
2711
2713
2719
2729
2731
2741
2749
2753
8803
72503
2767
8807
2777
2789
2791
2797
2801
2803
8819
8821
2819
2833
2837
2843
8831
2851
2857
8837
2861
8839
2879
2887
24121
8849
2897
2903
2909
2917
8861
8863
2927
8867
2939
2953
2957
2963
2969
2971
8887
2999
3001
24133
24137
64811
54907
24151
37337
28517
37339
62603
26309
79103
23021
37357
23027
37361
34019
37363
17539
34031
17551
34033
90107
80207
17569
34039
17573
80209
52709
17579
17581
52711
19739
34057
19751
19753
34061
19759
19763
93407
19777
50503
27427
18661
27431
18671
27437
23029
50513
18679
18691
27449
32939
16411
26317
16417
6653
6659
6661
16421
26321
14281
6673
16427
6679
16433
6689
6691
32941
14293
6701
6703
6709
21977
6719
38431
26339
6733
6737
81307
26347
6761
6763
21991
39521
32957
36241
31859
34123
34127
28537
36251
62617
34129
15307
10903
25219
10909
69203
36263
29629
34141
15313
29633
15319
25229
73607
34147
15329
15331
29641
73609
25237
15349
25243
73613
14303
34157
58207
25247
34159
15359
15361
25253
14321
30727
14323
15373
40627
14327
15377
25261
15383
2053
2063
14341
2069
2081
2083
26357
2087
2089
2099
15391
34171
14347
49409
21997
49411
38447
26371
38449
89003
76907
38453
49417
8893
34183
38459
26387
8923
76913
38461
8929
8933
8941
26393
7603
47207
7607
8951
7621
26399
8963
8969
85711
8971
7639
30757
7643
20849
7649
26407
7669
8999
20857
9001
7673
9007
7681
9011
26417
9013
7687
7691
47221
34211
85717
26423
9029
34213
23039
3547
23041
3557
3559
74707
3571
34217
3581
3583
3593
10937
26431
10939
3607
3613
23053
3617
3623
22003
3631
3637
23057
3643
26437
23059
82421
3659
23063
3671
3673
3677
3691
3697
35149
34231
3701
3709
3719
3727
3733
26449
3739
35153
3761
3767
3769
3779
5407
5413
5417
30763
5419
9871
31873
35159
26459
5431
95603
5437
5441
5443
9883
5449
9887
9901
31883
9907
53813
35171
26479
34253
9923
30773
9929
9931
53819
3011
52721
3019
3023
32969
9941
34259
3037
3041
30781
3049
26489
34261
3061
3067
18701
3079
3083
96703
3089
3109
16447
3119
3121
16451
26497
3137
18713
16453
3163
3167
3169
26501
3181
3187
58211
3191
50527
16477
16481
10949
26513
34267
10957
58217
16487
22013
13163
34273
42821
13171
13177
13183
13187
60413
34283
26539
42829
30803
30809
13217
78007
13219
32971
26557
34297
34301
41729
26561
34303
92311
26573
43933
18719
34313
10973
10979
34319
26591
61519
34327
41737
26597
54917
54919
34337
22027
68111
28541
68113
26627
28547
28549
26633
22031
28559
22037
22039
26641
10987
54941
10993
26647
28571
28573
11003
31891
79111
28579
63719
71419
89009
46133
26669
18731
30817
26681
26683
89017
42839
42841
89021
17597
17599
32983
67021
86813
32987
17609
17623
70313
17627
22051
22063
94513
22067
22073
29663
17657
17659
70321
22079
26687
29669
17669
29671
40637
12097
6779
26693
6781
12101
84629
40639
6791
12107
6793
12109
12113
6803
84631
25301
26699
12119
25303
6823
6827
6829
25307
6833
25309
6841
12143
6857
6863
12149
6869
6871
25321
12157
26701
6883
12161
12163
6899
6907
20873
6911
6917
5471
27457
5477
26711
5479
30829
5483
26713
32993
39541
5501
5503
26717
5507
7699
7703
5519
5521
32999
5527
5531
7717
26723
7723
7727
30839
30841
5557
5563
39551
26729
5569
5573
26731
5581
27479
5591
27481
33013
23071
26737
24169
84649
3793
3797
3803
19793
3821
3823
3833
3847
3851
3853
19801
3863
84653
3877
3881
23081
3889
57119
3907
3911
3917
19813
3919
23087
3923
3929
3931
3943
19819
3947
3967
41759
18743
3989
4001
4003
4007
20879
18749
20887
26759
18757
76919
18773
92317
26777
18787
26783
9949
11027
24179
24181
71429
51613
9967
11047
9973
11057
11059
11069
26801
11071
84659
11083
11087
10007
11093
10009
71437
26813
31907
80221
26821
20897
20899
9041
9043
20903
9049
9059
9067
26833
97813
26839
9091
82457
9103
16493
15401
26849
75821
15413
15427
26861
16519
30851
26863
23099
15439
16529
15443
24197
80231
15451
24203
26879
80233
13229
26881
7741
7753
7757
13241
7759
13249
26891
26893
7789
24223
7793
13259
80239
24229
13267
26903
30853
34351
26921
90121
28591
26927
34361
28597
31957
85733
87911
93419
26947
29683
26951
98909
26953
42853
26959
42859
4013
4019
4021
30859
63727
4027
42863
4049
4051
4057
62627
4073
4079
28603
26981
4091
4093
4099
28607
4111
4127
4129
4133
4139
26987
4153
4157
62633
4159
4177
63737
26993
4201
53831
39563
41761
27011
39569
27017
25339
78017
25343
56039
39581
56041
25349
74713
27031
20921
69221
25357
20929
27043
25367
20939
35201
48337
25373
67033
20947
48341
27059
22091
27061
65921
22093
30869
52727
70327
27067
30871
23117
33023
27073
18793
65927
27077
52733
65929
23131
28619
41771
28621
27091
23143
28627
41777
12197
74717
82463
12203
27103
12211
74719
27107
18797
27109
18803
12227
12239
4327
12241
82469
4337
4339
4349
4357
27487
9109
4363
82471
84673
4373
37369
27127
4391
75833
9127
4397
4409
4421
4423
11113
4441
11117
4447
11119
4451
4457
4463
37379
4481
4483
27143
4493
27509
4507
4513
38501
4517
30881
4519
4523
22109
98911
22111
58229
58231
57131
30893
22123
22129
22133
29717
58237
35221
29723
57139
28631
22147
27179
49429
33029
27191
24239
71443
27197
15461
11131
27211
11149
30911
16547
86837
10037
10039
11159
11161
16553
11171
11173
16561
11177
10061
16567
10067
10069
11197
16573
10079
85751
64817
11213
10091
10093
10099
10103
27239
86843
10111
27241
9133
4211
4217
4219
9137
4229
4231
4241
13291
4243
4253
4259
9151
4261
50539
13297
4271
4273
9157
4283
9161
95617
27253
4289
4297
13309
9173
50543
13313
27259
15467
15473
35227
13327
13331
95621
13337
27271
13339
14369
28643
34367
27277
34369
28649
27281
18839
27283
59333
87917
93427
24247
18859
24251
27299
18869
59341
7817
7823
33037
91229
7829
7841
7853
7867
7873
7877
7879
24281
7883
15493
27329
7901
7907
9181
9187
87931
85781
20959
9199
27337
20963
9203
9209
63743
43943
9221
9227
9239
9241
20981
20983
9257
49433
36269
9277
27361
9281
9283
36277
27367
76943
85793
23159
23167
23173
76949
36293
49451
56053
27397
23189
40693
40697
15497
67043
40699
60427
15511
15527
15541
5623
5639
5641
28657
5647
5651
5653
5657
5659
28661
5669
28663
85817
5683
5689
5693
5701
28669
42899
85819
5711
5717
5737
5741
31963
5743
12251
12253
47237
12263
31973
12269
75853
12277
31981
12281
12289
82483
85829
12301
85831
22153
46141
25391
80251
27527
29741
46147
27529
85837
25409
25411
46153
29753
27539
27541
11239
11243
29759
11251
11257
57143
22157
22159
85843
39607
42901
57149
30931
85847
37397
30937
11261
39619
30941
11273
11279
15551
11287
6947
6949
85853
15559
6959
6961
11299
6967
6971
92333
6977
15569
11311
6983
6991
6997
7001
11317
15581
11321
15583
11329
38543
11351
11353
14387
14389
22171
11369
34381
48353
14401
35251
14407
11383
14411
41801
11393
14419
35257
14423
11399
14431
11411
14437
41809
14447
16603
35267
11423
16607
33049
11437
33053
16619
11443
11447
86851
7013
16631
7019
16633
7027
11467
31991
7039
11471
43951
7043
7057
16649
16651
11483
7069
71453
11489
16657
7079
11491
16661
11497
32003
7103
11503
7109
7121
51631
7127
7129
13367
7151
13381
7159
73637
51637
74729
11519
13397
74731
13399
37409
85889
61543
11527
34403
22189
68141
61547
22193
37423
19841
19843
19853
68147
61553
19861
10133
50549
19867
10139
10141
90127
5749
10151
37441
25423
85903
47251
10159
10163
10169
37447
10177
10181
81331
10193
25439
21001
67049
23197
25447
21011
48371
21013
23201
23203
21017
21019
21023
69233
23209
17681
17683
21031
46171
67057
69239
48383
23227
7177
91237
7187
5779
84691
28687
5783
52747
5791
70351
5801
7193
28697
69247
7207
7211
7213
7219
86857
28703
91243
7229
52757
7237
7243
7247
28711
7253
32009
11549
9293
11551
12323
7283
72533
12329
9311
7297
9319
7307
7309
9323
36299
12343
7321
12347
62639
9337
7331
7333
9341
9343
9349
7349
32027
7351
36307
32029
24317
12373
9371
12377
12379
36313
82487
27551
33071
94529
33073
51647
54949
50551
48397
94531
82493
35279
33083
35281
42923
48407
48409
42929
78031
60443
80263
48413
57163
18899
5807
5813
42937
5821
5827
95629
5839
18911
5843
18913
5849
43961
5851
5857
5861
5867
37463
5869
53849
5879
5881
5897
5903
80273
58243
83537
84697
76961
80279
76963
92347
40709
43963
29761
86861
30949
59351
25453
64849
25457
11579
25463
7369
11587
39623
11593
11597
25469
7393
25471
7411
14449
7417
38557
39631
22229
63761
14461
7433
38561
4547
98927
4549
4561
7919
7927
7933
38567
7937
15601
7949
7951
15607
53857
4567
4583
41813
53861
35291
98929
4591
4597
4603
4621
4637
4639
4643
23251
4649
4651
4657
4663
4673
4679
4691
4703
13411
79133
85909
13417
13421
60449
84701
28723
43969
13441
28729
43973
79139
13451
37483
13457
13463
13469
51659
24329
16673
47269
7963
45053
16691
16693
7993
32051
81343
16699
8009
16703
8011
82499
8017
45061
32057
61559
61561
34421
49459
17707
49463
34429
86869
17713
11617
82507
11621
45077
17729
34439
38569
5923
7451
17737
10211
42943
7457
24337
7459
36319
10223
7477
7481
7487
7489
10243
7499
10247
7507
10253
42953
7517
10259
7523
65951
7529
24359
10267
10271
56081
7537
10273
7541
14479
15619
30971
67061
14489
15629
72547
30977
15641
15643
30983
15647
15649
72551
15661
22247
15667
15671
43987
21059
21061
22259
43991
75869
21067
22271
22273
43997
22277
22279
19889
22283
19891
97829
22291
96731
91249
22303
19913
22307
35311
19919
74747
4721
4723
4729
4733
5927
35317
4751
91253
5939
4759
5953
4783
4787
35323
4789
4793
11633
95633
4799
4801
23269
17747
4813
4817
35327
12391
17749
4831
12401
23279
71471
4861
12409
4871
60457
4877
12413
71473
4889
23291
12421
23293
4903
4909
89041
23297
81349
4919
12433
12437
4931
4933
4937
4943
17761
4951
4957
9377
9391
27581
14503
9397
27583
28751
9403
28753
17783
9413
14519
9419
9421
17789
28759
17791
9431
9433
9437
9439
14533
94541
58271
9461
28771
9463
59357
81353
32059
33091
59359
46181
57173
84713
54959
57179
81359
59369
33107
31013
84719
18917
32063
18919
8039
24371
8053
24373
32069
8059
8069
24379
42961
8081
8087
8089
72559
8093
92353
8101
18947
11657
42967
24391
8111
8117
8123
79147
18959
46183
37489
79151
37493
79153
38593
40739
87943
73643
80287
69257
38603
5981
5987
74759
6007
6011
74761
38609
65957
38611
6029
6037
6043
6047
6053
63773
6067
6073
6079
53881
65963
41843
6089
6091
6101
29789
6113
62653
17807
85931
96737
29803
96739
32077
17827
32083
17837
51673
17839
22343
32089
22349
44017
23311
98939
48437
44021
23321
23327
67073
73651
50581
39659
23333
35339
48449
23339
50587
47279
10289
13477
10301
13487
10303
49477
10313
13499
10321
89051
49481
28789
10331
10333
13513
10337
25523
46187
28793
10343
64853
13523
10357
7547
7549
25537
31019
15679
7559
7561
46199
15683
25541
7573
7577
16729
7583
7589
7591
97841
16741
31033
37501
16747
31039
37507
47287
16759
37511
21089
90149
69259
21101
11677
21107
11681
69263
11689
11699
11701
34457
11717
11719
21121
11731
52769
68161
81371
56087
56093
61583
68171
74771
52783
24407
70373
24413
78041
24419
24421
70379
72577
70381
42979
12451
71479
12457
44027
44029
78049
45083
12473
71483
12479
42989
36341
12487
47293
12491
59377
12497
12503
47297
12511
62659
9467
9473
27611
9479
9491
27617
9497
59387
51679
9511
84731
9521
94543
11743
9533
27631
8147
9539
9547
8161
9551
33113
50591
94547
17851
50593
33119
54973
57191
17863
41849
57193
82529
41851
85933
54979
49499
82531
36343
92357
53887
41863
14537
53891
14543
51683
14549
14551
22367
79159
22369
14557
14561
14563
92363
53897
98947
53899
8167
19927
40751
8171
97843
8179
28807
18973
37517
18979
28813
19937
40759
28817
32099
46219
36353
40763
19001
37529
4967
4969
4973
63781
11777
11779
4987
4993
11783
4999
5003
47303
5009
5011
31051
32117
5021
5023
32119
5039
5051
5059
5077
83557
31063
19949
50599
31069
63793
81373
19961
19963
23357
96749
19973
97847
19979
23369
23371
97849
93463
51691
44041
33149
33151
24439
29819
14591
14593
24443
11789
95651
44053
14621
14627
11801
29833
14629
48463
14633
75883
29837
14639
47309
44059
14653
10369
24469
14657
24473
6121
54983
6131
6133
67079
39667
6143
6151
89057
6163
39671
43003
6173
17881
6197
6199
6203
17891
6211
39679
6217
6221
6229
35353
6247
43013
6257
6263
6269
6271
6277
62683
6287
6299
6301
43019
15727
13537
8191
62687
15731
15733
8209
36373
15737
15739
8219
8221
13553
80309
8231
8233
8237
15749
8243
25561
13567
8263
8269
15761
8273
13577
19991
15767
19993
8287
8291
8293
8297
19997
15773
13591
25577
73673
8311
25579
13597
8317
80317
8329
16763
83561
20011
11807
11813
21139
20021
38629
20023
11821
21143
11827
11831
16787
21149
21157
47317
21163
74779
16811
21169
97859
22381
10391
64871
10399
34469
34471
35363
10427
10429
98953
64877
10433
28837
64879
10453
28843
10457
34483
10459
10463
22391
34487
10477
5081
22397
5087
35381
5099
5101
83563
56099
5107
5113
5119
56101
5147
5153
35393
5167
5171
5179
5189
5197
5209
31079
78059
31081
5227
5231
5233
5237
56113
11833
5261
31091
11839
37537
11863
11867
90163
46229
37547
37549
70393
31121
31123
12517
12527
23399
12539
12541
65981
12547
12553
65983
23417
12569
17903
23431
12577
53917
87959
17909
12583
17911
36383
24481
17921
17923
36389
17929
27647
9587
94559
24499
9601
27653
17939
9613
9619
94561
9623
24509
9629
9631
9643
24517
17957
9649
17959
49523
9661
38639
55001
57203
48473
29851
45119
14669
45121
28859
59393
38651
14683
38653
29863
28867
29867
45127
46237
14699
19009
28871
59399
19013
45131
14713
14717
22409
14723
19031
59407
92369
89069
19037
22433
19051
22441
74797
59417
22447
59419
55009
22453
52807
40771
8353
8363
11887
76991
55021
43037
84737
87961
40787
73679
73681
62701
33161
63799
63803
33179
20029
33181
80329
73693
25583
25589
20047
20051
65993
51713
82549
20063
39703
39709
15787
15791
83579
14731
89071
23447
15797
14737
97861
15803
14741
11897
15809
14747
11903
15817
11909
23459
14753
15823
14759
11923
11927
14767
23473
14771
11933
11939
11941
14779
14783
15859
41879
11953
24527
48479
11959
32141
6311
48481
14797
32143
6317
24533
6323
6329
6337
41887
6343
48487
20071
48491
24547
41893
60493
24551
44071
8369
67103
8377
41897
90173
8387
8389
20089
60497
28879
20101
13613
8419
21179
8423
20107
13619
8429
8431
20113
21187
13627
8443
20117
8447
21191
44087
13633
21193
20123
44089
8461
20129
8467
47339
13649
28901
21211
8501
28909
13669
8513
10487
96757
16823
10499
10501
16829
22469
16831
79181
10513
50627
16843
10529
22481
10531
22483
98963
96763
79187
10559
10567
16871
22501
43049
29873
43051
81401
29879
34499
36433
58309
29881
34501
58313
51719
43063
34511
51721
94573
34513
43067
81409
34519
25601
25603
62723
61603
25609
37561
6353
31139
6359
6361
6367
6373
25621
45137
6379
61609
56123
37567
6389
45139
5273
31147
5279
5281
5297
36451
31151
5303
61613
5309
31153
5323
5333
36457
56131
53923
12589
71503
36467
46261
84751
12601
12611
12613
49529
12619
49531
45161
12637
64891
12641
12647
9677
9679
12653
97871
12659
9689
14813
9697
27673
82559
14821
35401
14827
50647
9719
82561
14831
9721
35407
9733
6397
9739
14843
9743
27689
9749
14851
27691
9767
82567
9769
6421
6427
27697
52813
9781
6449
6451
48497
27701
9787
6469
9791
6473
52817
6481
6491
89083
5347
57221
5351
57223
5381
5387
5393
5399
91283
87973
55049
62731
92377
20143
17971
55051
17977
17981
32159
17987
92381
17989
79193
64901
11969
11971
92383
11981
36469
38669
68207
38671
18013
37571
36473
68209
37573
38677
23497
36479
68213
37579
40801
53927
78079
23509
77003
68219
36493
38693
40813
63809
24571
53939
62743
58321
47351
47353
24593
36497
25633
25639
25643
33191
28921
60509
28927
58337
33199
25657
28933
62753
33203
25667
19069
19073
36523
19079
22511
19081
62761
36527
93479
36529
19087
11987
35419
22531
36541
35423
94583
36551
46271
75913
46273
90187
36559
89087
39719
47363
36563
80341
49537
36571
39727
39733
80347
49547
32173
36583
49549
31159
36587
20147
20149
13679
13681
32183
13687
13691
13693
15877
20161
13697
32189
41903
32191
36599
13709
13711
20173
50651
31177
20177
13721
13723
20183
41911
13729
36607
32203
82571
93481
96769
72613
41927
72617
79201
93487
36629
21221
16879
16883
36637
21227
87977
16889
83591
36643
16901
16903
21247
36653
16921
10589
10597
10601
10607
10613
37589
90191
15881
10627
18041
37591
18043
10631
15887
18047
15889
18049
10639
34537
46279
73699
10651
36671
18059
55057
18061
97879
15901
10657
8521
34543
14867
15907
14869
12671
36677
23531
15913
14879
15919
15923
23537
23539
12689
14887
97883
36683
14891
29917
12697
15937
14897
12703
29921
23549
12713
36691
29927
12721
23557
15959
8527
55061
36697
44101
8537
8539
8543
24611
8563
8573
8581
66029
36709
24623
8597
61627
8599
36713
55073
8609
24631
86923
36721
86927
60521
91291
86929
36739
27733
33211
28949
52837
36749
90197
33223
28961
90199
51749
57241
53951
92387
22541
98981
22543
19121
69313
22549
74821
69317
19139
19141
47381
22567
22571
68227
47387
22573
47389
43093
38699
40819
35437
40823
71527
20201
43103
40829
89101
47407
31181
31183
20219
63823
83597
31189
20231
39749
20233
31193
89107
20249
39761
77017
78101
25673
25679
96779
77023
44111
36761
60527
67121
84761
21269
35447
36767
35449
37607
59441
21277
59443
21283
36779
67129
36781
59447
35461
37619
10663
36787
10667
72623
13751
36791
10687
13757
36793
13759
10691
13763
10709
10711
38707
48523
98993
13781
10723
38711
10729
13789
10733
48527
38713
10739
50671
49559
36809
93491
38723
93493
29947
36821
38729
93497
82591
61631
16927
16931
36833
18077
16937
45179
14923
16943
45181
14929
61637
18089
14939
18097
16963
32213
14947
36847
14951
14957
61643
45191
51767
23561
23563
51769
91297
14969
23567
62773
73709
34549
36857
14983
32233
23581
8623
32237
8627
8629
91303
8641
46301
8647
66037
36871
23593
44119
64919
12739
36877
46307
66041
12743
64921
44123
46309
12757
12763
36887
48533
64927
87991
24659
12781
33247
12791
48539
8663
81421
48541
8669
36899
56149
8677
36901
8681
8689
8693
8699
28979
88001
36913
88003
50683
19157
36919
27737
25693
19163
27739
53959
36923
27743
36929
19181
36931
29009
19183
57251
68239
29017
60539
36943
15971
15973
57259
41941
36947
15991
55079
41947
16001
16007
41953
90203
44129
44131
92399
43117
36973
25703
92401
36979
75931
25717
62791
96787
71537
40841
31219
36997
31223
40847
40849
83609
37003
31231
40853
59453
37013
80363
39769
63839
63841
37019
37021
39779
80369
74827
70423
77029
74831
51787
45197
70429
52859
73721
21313
47417
21317
21319
21323
52861
67139
73727
67141
58363
83617
94597
27749
10753
27751
83621
66047
10771
10781
27763
94603
27767
86939
37039
27773
72643
13799
13807
18119
18121
37049
18127
18131
64937
18133
13829
37057
13831
18143
13841
37061
18149
55103
29959
23599
37633
23603
23609
37643
93503
44159
23623
29983
37649
23627
37087
23629
29989
16979
16981
20261
24671
16987
20269
98999
25733
24677
37097
24683
61651
47419
38737
24691
34583
24697
61657
22613
38747
34589
38749
22619
47431
34591
22621
37117
91309
37123
22637
15013
22639
34603
15017
46327
22643
34607
15031
12799
19207
19211
12809
19213
43133
37139
48563
19219
12821
15053
12823
12829
15061
19231
12841
19237
15073
15077
12853
10789
37159
31237
69337
50707
10799
95701
56167
31247
31249
69341
16033
31253
37171
10831
56171
10837
31259
10847
95707
10853
16993
41957
37181
59467
41959
17011
37189
17021
59471
62801
17027
17029
59473
90217
17033
41969
17041
78121
17047
37199
37201
88007
20287
75937
89113
32251
20297
32257
40867
75941
32261
37217
84787
25741
89119
37223
46337
51797
25747
71549
63853
89123
96797
71551
81439
63857
96799
35491
37243
72647
39791
49597
37253
35507
72649
35509
49603
39799
92413
85991
58367
37273
18169
58369
74843
77041
37277
70439
55109
79229
18181
79231
18191
82601
18199
77047
58379
29021
29023
52879
29027
50723
33287
29033
52883
33289
51803
67153
52889
94613
33301
27779
55117
23633
51817
53987
27791
27793
27799
53993
27803
30011
30013
23663
27809
46349
23669
68261
23671
46351
13859
21341
62819
13873
21347
13877
13879
24709
13883
38767
13901
13903
64951
13907
13913
25759
13921
99013
25763
13931
13933
21377
24733
21379
22651
25771
99017
57269
37657
57271
37663
22669
25793
61667
22679
22691
57283
83639
43151
83641
86951
43159
55127
20323
19249
45233
19259
16057
47441
16061
19267
16063
12889
16067
12893
16069
19273
12899
16073
45247
12907
12911
12917
16087
12919
12923
16091
19289
85999
50741
12941
10859
10861
10867
49613
66067
56179
47459
10883
10889
10891
66071
15083
15091
15101
41981
15107
62827
41983
80387
15121
17053
15131
15137
15139
78137
44171
78139
17077
32297
32299
17093
44179
17099
99023
32303
17107
17117
95713
31267
31271
40879
58391
31277
58393
40883
83653
95717
88019
71563
60589
95723
71569
40897
58403
20327
63863
82609
51827
90227
84793
79241
51829
82613
39821
39827
50753
39829
51839
48571
92419
94621
35521
50767
51853
35527
51859
35531
48589
52901
60601
70451
52903
72661
51869
51871
41999
16097
70457
16103
70459
20333
18211
67157
33311
38783
20341
18217
66083
18223
20347
33317
18229
20353
38791
18233
20357
66089
20359
55147
33329
20369
51893
33331
18251
16111
18253
54001
29059
74857
29063
51899
30029
13963
13967
74861
55163
51907
54011
29077
13997
13999
14009
30047
51913
14011
89137
21383
86959
21391
57287
25799
25801
21397
23677
64969
21401
97919
21407
23687
51929
23689
25819
21419
61673
73751
62851
34613
16127
51941
49627
16139
16141
35533
61681
73757
49633
24749
51949
35537
34631
49639
61687
24763
27817
57301
97927
24767
27823
27827
24781
58411
34649
34651
24793
58417
61703
43177
73771
34667
58427
34673
43189
47491
34679
51971
57329
51973
61717
57331
15149
34687
73783
43201
51977
45259
58439
34693
45263
58441
43207
61723
34703
61729
43223
51991
57347
91331
57349
27847
35543
34721
31307
66103
43237
66107
66109
31319
31321
19301
31327
19309
31333
44189
93523
31337
43261
90239
19319
19333
43271
93529
99041
90247
19373
43283
19379
19381
19387
19391
71593
97931
43291
19403
71597
99053
54013
59497
12953
12959
50773
12967
43313
12973
39839
12979
12983
39841
50777
43319
78157
43321
13001
39847
13003
34729
13007
59509
13009
43331
59513
39857
50789
78163
13033
34739
13037
39863
13043
13049
34747
39869
13063
34757
17123
37691
34759
82619
34763
22697
17137
46381
77069
17159
34781
56197
45281
48593
84809
46399
22699
77081
84811
56207
56209
34807
22709
46411
48611
54037
19417
34819
44201
15161
77093
15173
15187
40903
15193
96821
34841
15199
34843
79259
77101
96823
34847
34849
15217
46439
80407
46441
15227
83663
96827
15233
60607
39877
81457
60611
20389
39883
20393
44203
34871
20399
39887
44207
79273
60617
34877
37693
20407
20411
31357
34883
37699
18257
72671
75967
50821
72673
34897
32309
37717
32321
72679
50833
32323
34913
32327
19421
19423
20431
19427
42013
34919
19429
19433
42017
20441
20443
42019
32341
52919
42023
27851
22717
22721
32353
22727
34939
20477
18269
22739
22741
33343
34949
23719
33347
18287
33349
18289
22751
92431
33353
34961
34963
27883
18301
23741
64997
23743
33359
23747
14029
14033
23753
67169
74869
25841
14051
86969
25847
14057
25849
74873
29101
14071
14081
14083
14087
25867
67181
25873
14107
46447
17167
30059
46451
65003
17183
81463
74887
17189
14143
17191
31379
14149
30071
14153
95731
14159
17203
74891
31387
17207
17209
65011
31391
14173
14177
60623
18307
21433
18311
18313
74897
14197
60631
25889
74903
21467
69371
60637
25903
80429
21481
47497
25913
88037
25919
47501
42043
72689
47507
25931
25933
94649
25939
47513
94651
19441
23761
46457
49663
19447
18329
23767
38803
49667
19457
23773
49669
19463
18341
19469
19471
63901
19477
46471
18353
23789
38821
49681
82633
68279
44221
54049
68281
33377
52937
31393
54059
31397
33391
29123
21487
50839
21491
29129
21493
29131
29137
34981
70481
50849
29147
29153
70487
32359
69379
40927
32363
69383
40933
18367
18371
40939
90263
18379
69389
67187
84827
67189
20479
35023
20483
18397
35027
18401
13093
13099
74923
18413
17231
20507
20509
17239
18427
18433
45289
20521
18439
17257
45293
32369
35051
30089
32371
78167
35053
30091
32377
30097
35059
32381
30103
72701
17291
78173
35069
17293
30109
17299
30113
96847
52009
72707
35081
35083
45307
35089
38833
52021
38839
56237
35099
19483
56239
45317
19489
52027
21499
19501
21503
52951
19507
21517
15241
52957
44249
21521
21523
48619
21529
15259
15263
48623
49697
52963
44257
15269
15271
15277
27893
44263
75979
15287
15289
29167
44267
27901
15299
44269
29173
75983
60647
50857
44273
29179
95737
60649
22769
27917
27919
23801
22777
70489
91367
86981
22783
22787
74929
33403
23813
23819
33409
74933
33413
23827
23831
23833
59539
91369
30119
86011
47521
25943
25951
91373
47527
30133
50867
30137
86017
30139
47533
99079
50873
25969
89153
47543
42061
40949
78179
99083
54083
42071
40961
42073
72719
69401
63907
47563
38851
19531
95747
19541
19543
63913
47569
38861
90271
19553
19559
38867
38873
47581
37747
46477
21557
21559
21563
45319
47591
21569
46489
21577
93553
97943
75989
58451
47599
58453
75991
43391
78191
47609
78193
43397
75997
43399
35569
22807
35573
43403
47623
22811
83689
29191
22817
20533
32401
47629
29201
20543
39901
56249
20549
20551
29207
29209
32411
47639
32413
74941
20563
29221
52967
47653
52973
60659
82651
67211
60661
47657
67213
47659
52981
67217
65027
69403
55171
62861
92459
86993
79279
96851
92461
79283
45329
70501
49711
33427
45337
46499
45341
70507
45343
30161
46507
68311
30169
54091
27941
24799
27943
30181
27947
30187
27953
16183
16187
54101
16189
16193
30197
18443
18451
61751
57367
18457
18461
19571
57373
61757
18481
44279
44281
52051
91381
42083
23857
42089
44293
31469
19577
90281
23869
19583
23873
23879
42101
83701
40973
37781
37783
19597
48647
48649
38891
19603
19609
58477
22853
22859
21587
22861
99089
24809
21589
65029
25981
47681
21599
21601
24821
65033
43411
74959
21611
63929
25997
21613
25999
91387
21617
24841
96857
17317
17321
62869
22871
17327
32423
17333
22877
62873
17341
32429
69427
17351
33457
17359
76001
32441
22901
32443
76003
22907
93557
93559
45361
86027
86029
46511
78203
93563
20593
20599
46523
48661
39929
84857
20611
26003
84859
22921
19661
71633
39937
20627
67219
27961
29231
22937
56263
27967
49727
22943
97961
29243
56267
56269
29251
22961
22963
67231
22973
49739
50891
50893
66137
47699
47701
60679
81509
52999
53003
59557
50909
73819
23887
92467
59561
23893
73823
23899
72727
18493
23909
22993
23911
55201
23917
91393
24847
24851
37799
79301
24859
35591
90289
35593
35597
37811
37813
35603
24877
18503
82657
75011
38903
75013
16217
16223
16229
26017
16231
75017
26021
45377
38917
26029
38921
16249
31477
16253
38923
91397
31481
58481
26041
57383
31489
26053
57389
75029
57397
31511
69431
75037
88069
21647
21649
43427
21661
84869
84871
65053
80447
21673
40993
33461
80449
29269
48673
33469
48677
48679
33479
41011
47711
53017
47713
87011
47717
87013
94687
63949
52057
68329
19681
23929
19687
20639
20641
17377
17383
17387
17389
17393
39953
52067
17401
45389
52069
49741
23957
27983
24889
69439
49747
27997
75041
18517
28001
18521
18523
49757
29287
18539
72733
30203
29297
19697
30211
19699
29303
29311
30223
50923
32467
62897
81517
32479
37831
59567
62903
83717
55207
60689
83719
91411
75079
78229
75083
92479
18541
42131
24907
72739
18553
24917
54121
42139
24919
24923
18583
70529
99103
97967
38933
70537
86069
16267
47737
16273
43441
75109
58511
43451
16301
43457
16319
55213
61781
55217
55219
99109
68351
46549
65063
20663
79309
41017
21683
78233
35617
41023
97973
20681
75133
21701
20693
62921
21713
33487
33493
62927
62929
33503
37847
47741
31513
47743
94693
75149
31517
88079
54133
76031
29327
29333
54139
29339
89189
75161
17417
17419
29347
17431
39971
31531
54151
17443
45403
75167
59581
17449
80471
39979
75169
31541
31543
80473
66161
67247
81527
66169
75181
93581
71647
91423
50929
30241
80489
80491
30253
28019
18587
28027
26083
56299
28031
73847
37853
73849
76039
37861
69457
38953
18593
38959
69463
95773
32491
80513
32497
44351
52081
32503
23971
32507
23977
23981
42157
23993
53047
80527
67261
75193
77137
81533
95783
77141
57413
67271
44357
67273
24943
65071
80537
24953
86077
39983
24967
24971
24977
39989
45413
24979
60703
65089
53051
99119
40009
78241
40013
79319
92489
80557
90313
43481
44371
20707
26099
30259
20717
20719
26107
80567
30269
30271
44381
26111
75209
26113
44383
20731
75211
26119
70549
44389
20743
24989
30293
16333
16339
16349
30307
16361
16363
25013
16369
30313
53069
69467
49783
69473
49787
49789
25031
25033
46559
37871
25037
41039
80599
46567
41047
73859
67289
25057
41051
37879
80603
46573
75217
41057
31547
37889
75223
37897
96893
80611
66173
75227
31567
37907
31573
24001
53077
50951
80621
72763
50957
88093
53087
53089
45427
80627
53093
30319
55229
83737
30323
80629
45433
94709
45439
25073
30341
24007
25087
28051
40031
66179
28057
54163
25097
21727
40037
40039
54167
21737
28069
21739
29363
32531
32533
21751
28081
32537
28087
17467
86083
17471
29383
17477
33521
53101
29387
29389
17483
52103
17489
17491
33529
29399
17497
29401
33533
29411
59611
56311
43487
58537
95789
52121
58543
52127
38971
89203
38977
87037
71663
49801
89209
87041
49807
38993
89213
81547
97987
73867
24019
62939
76079
35671
76081
91433
77153
35677
73877
20747
72767
20749
20753
42169
20759
76091
81551
42179
82699
24023
42181
81553
24029
96907
42187
43499
57427
30347
75239
24043
50969
81559
28097
24049
28099
50971
28109
30367
24061
28111
81563
24071
28123
53113
47777
69481
26141
47779
26153
26161
31583
92503
69491
47791
69493
16381
47797
79333
83761
60719
66191
78259
60727
46589
46591
41077
68371
40063
41081
44417
75253
46601
87049
20771
20773
20789
71671
54181
25111
79337
25117
48731
25121
61813
48733
43517
54193
45481
95791
61819
67307
58549
63977
53117
69497
99131
69499
99133
53129
99137
65099
49811
65101
24077
99139
24083
59617
24091
59621
24097
93601
49823
59627
29423
92507
33547
80651
73883
45491
21757
21767
45497
33563
21773
80657
45503
50989
21787
31601
50993
31607
21799
62969
56333
21803
32561
62971
86111
32563
51001
86113
21817
32569
21821
32573
55243
29429
96911
55249
52147
55259
77167
94723
25127
30389
52153
42193
30391
68389
94727
42197
44449
25147
30403
44453
52163
42209
29437
81569
60733
28151
60737
45523
28163
91453
98009
98011
45533
58567
84913
40087
31627
45541
58573
40093
40099
58579
57457
62981
29443
46619
83773
26171
26177
71693
75269
83777
26183
43541
26189
43543
49831
75277
70571
70573
65111
87071
49843
99149
47807
63997
47809
89227
31643
73897
78277
31649
31657
64007
48751
93607
78283
95801
95803
29453
69539
35729
35731
88117
80669
59629
33569
82721
86117
29473
76099
25153
82723
33577
33581
76103
33587
72797
33589
47819
52177
44483
52181
52183
44491
52189
79349
41113
41117
28181
45553
28183
30427
79357
45557
30431
90353
46633
25163
25169
86131
25171
46639
48757
46643
32579
25183
77171
32587
25189
46649
54217
69557
60757
62983
32603
60761
60763
32609
62987
62989
40111
44497
42221
91457
42223
44501
37951
82727
42227
65119
40123
44507
37957
82729
40127
39019
65123
37963
80671
39023
49853
21839
37967
21841
44519
35747
71699
45569
35753
48761
80677
35759
39041
84919
48767
71707
31663
70583
31667
73907
71711
53147
45587
53149
45589
71713
70589
91459
28201
26203
26209
91463
28211
28219
57467
26227
87083
28229
29483
66221
67339
61837
51031
29501
67343
52201
61843
43573
44531
44533
51043
67349
59651
44537
51047
89231
44543
96931
64013
95813
44549
86137
64019
83791
69593
89237
53161
21851
35771
21859
32611
21863
21871
68399
21881
81611
31687
80681
33599
33601
80683
44563
31699
79367
80687
33613
72817
45599
30449
33617
65129
33619
44579
33623
72823
43577
43579
45613
30467
90359
30469
41131
65141
43591
46663
48779
56359
48781
94747
55291
48787
75289
56369
46679
46681
32621
98017
60773
32633
77191
43597
26237
42239
58601
58603
99173
35797
35801
35803
49871
40129
44587
59659
86143
49877
59663
95819
76123
47837
39043
26249
39047
26251
26261
26263
52223
26267
44617
29527
29531
28277
44621
28279
44623
29537
28283
60779
44633
81619
61861
44641
93629
82757
44647
66239
37987
43607
44651
43609
43613
44657
51059
78301
51061
93637
80701
53171
21893
31721
31723
53173
31727
31729
87103
44683
46687
57487
44687
87107
47843
35809
90371
88129
79379
90373
99181
44699
30491
44701
30493
30497
35831
90379
44711
30509
35837
71719
82759
75307
46691
64033
44729
37991
64037
37993
31741
37997
33629
32647
44741
52237
33637
54251
33641
60793
82763
33647
44753
47857
52249
41141
58613
41143
32653
76129
83813
41149
47869
65147
31751
44771
44773
41161
44777
56377
28289
81629
28297
56383
44789
69623
48799
59669
28307
96953
28309
59671
44797
42257
43627
44809
46703
55313
80713
45631
44819
40151
49891
40153
67369
48809
43633
40163
40169
48817
87119
86161
29567
29569
63029
35839
29573
63031
39079
73939
77201
78307
39089
31769
78311
30517
31771
26293
99191
61871
26297
30529
61879
53189
30539
51071
53197
52253
35851
89261
53201
52259
28319
38011
70607
54269
54277
46723
94771
46727
71741
45641
44839
70619
54287
44843
57493
43649
44851
43651
60811
45659
79393
57503
84947
81637
79397
98041
78317
58631
82781
81647
76147
81649
29581
92551
72859
29587
38039
31793
31799
55331
38047
35863
55333
44867
33679
35869
87121
84961
96959
43661
92557
41177
41179
84967
86171
32687
41183
32693
56393
48821
48823
49919
49921
56401
52267
29599
69653
67391
49927
44879
28349
28351
65167
42281
47881
42283
44887
68437
44893
35879
59693
77213
42293
68443
91493
84977
73943
72869
40177
84979
30553
30557
43669
30559
73951
40189
65171
82787
40193
59699
39097
83833
84991
39103
59707
35897
35899
39107
65173
39113
79399
32707
86179
32713
32717
32719
91499
86183
45667
46747
85009
46751
45673
94777
45677
46757
72871
65179
94781
87133
76157
65183
45691
76159
70621
85021
75323
43691
70627
82793
89269
98047
85027
80737
89273
60821
47903
48847
64063
85037
72883
64067
47911
55337
54293
83843
55339
55343
75329
85049
82799
32749
33703
28387
38053
55351
41189
79411
35911
38069
92567
41201
41203
92569
85061
35923
52289
52291
35933
67399
56417
58657
53231
28393
53233
52301
58661
69661
28403
28409
90397
28411
40213
90401
86197
30577
42299
42307
73961
44909
46769
30593
46771
44917
68447
68449
39119
59723
63059
70639
59729
82811
80747
39133
63067
82813
80749
95857
66271
81667
78341
79423
81671
61909
78347
53239
72889
71761
72893
49937
49939
49943
75337
51109
57527
76163
57529
43711
83857
44927
45697
38083
28429
48857
28433
48859
47917
65203
28439
99223
43717
43721
64081
32771
94789
33713
85081
91513
45707
32779
94793
33721
69677
52313
55373
65213
41213
63073
35951
86201
96973
41221
63079
35963
41227
35969
67409
87149
89293
96979
67411
87151
56431
75347
44939
56437
75353
79427
79433
40231
46807
28447
77237
40237
77239
47933
40241
42323
54311
28463
32783
91529
47939
81677
32789
42331
54319
47947
85087
42337
54323
95869
47951
72901
90403
39139
95873
90407
45737
72907
69691
72911
39157
59743
43753
69697
70657
39161
59747
48869
45751
48871
32797
32801
83869
32803
28477
47963
83873
48883
61927
47969
28493
88169
85091
98057
85093
47977
44953
71777
99233
46811
44959
45757
88177
46817
44963
78367
52321
45763
59753
35977
35983
86209
35993
38113
68473
75367
73973
64091
30631
89303
82837
30637
75377
30643
92581
53267
33739
53269
46819
33749
33751
53279
47981
53281
33757
66293
46829
46831
41231
41233
38119
49957
79451
45767
41243
80761
67421
51131
56443
45779
51133
67427
51137
67429
43759
58679
63097
67433
56453
28499
58687
35999
77243
81689
58693
85103
44971
40253
77249
58699
48017
95881
85109
48023
54331
60859
42349
48029
36007
36011
72923
42359
32831
32833
60869
39163
65239
48049
99241
39181
70663
89317
36013
48889
70667
61933
48073
75389
36017
75391
99251
48079
43777
55381
43781
32839
82847
32843
48091
53299
57557
93683
57559
43783
43787
48109
53309
95891
57571
48119
48121
80777
71789
51151
87179
80779
48131
87181
64109
38149
51157
38153
33767
33769
68477
43789
33773
81701
43793
38167
81703
46853
65257
68483
59771
33791
81707
38177
46861
33797
48157
30649
36037
41257
59779
48163
52361
52363
80783
41263
30661
63103
41269
52369
59791
30671
48179
63113
66301
72931
92593
48187
43801
56467
48193
83891
56473
48197
69709
96989
32869
85121
40277
44983
77261
44987
40283
77263
32887
86239
48221
42373
86243
45817
42379
45821
45823
99257
49991
67447
87187
39191
65267
67453
54347
46867
65269
39199
91541
89329
48907
72937
80789
61949
55399
72949
36061
94811
55411
59797
45827
45833
75401
59809
75403
98081
48239
36067
78401
36073
57587
93701
48247
68489
68491
36083
95911
48259
64123
45841
36097
71807
68501
99259
75407
45853
52379
33809
73999
46877
33811
76207
45863
52387
52391
30677
46889
49993
41281
85133
38183
49999
30689
51169
48271
30697
63127
48281
56477
45869
69737
56479
96997
83903
53323
53327
97001
56489
80803
40289
97003
79481
45887
83911
60887
97007
60889
63131
83921
38189
54361
90437
42391
48299
45893
38197
90439
54367
38201
42397
58711
54371
70687
42403
54377
42407
72953
39209
86249
77267
39217
77269
65287
39227
39229
39233
69739
86257
65293
71809
94819
61961
72959
94823
45943
61967
46901
45949
91571
45953
93703
45959
72973
72977
58727
81727
45971
76213
57593
68507
45979
57601
53353
81737
45989
51193
60899
51197
60901
51199
99277
87211
51203
74017
33827
33829
80809
95917
46021
50021
50023
78427
95923
46027
33851
41299
36107
36109
82883
85147
79493
63149
38219
86263
56501
56503
75431
82889
86269
75437
77279
43853
66337
65309
38231
38237
38239
66343
83933
59833
58733
42409
46049
46051
91573
46061
43867
91577
46919
39239
39241
80819
46073
39251
87221
87223
53359
97021
82891
48947
52433
55439
46091
55441
48953
46093
61979
61981
46099
46933
88211
71821
36131
78437
36137
85159
68521
78439
69761
69763
36151
58741
69767
74021
74027
91583
93719
38261
50033
95929
91591
64151
64153
83939
76231
38273
64157
53377
43889
43891
50047
38281
53381
60913
33857
38287
33863
60917
51217
60919
98101
33871
60923
38299
82903
38303
51229
81749
92623
63179
54401
54403
38317
92627
41333
38321
54409
99289
38327
38329
41341
54413
38333
67477
56509
66347
69779
67481
52453
89363
56519
38351
67489
52457
94837
40343
94841
77291
89371
40351
38371
46957
40357
38377
40361
70709
42433
36161
80831
42437
38393
42443
70717
65323
42451
65327
58757
71837
61987
48973
61991
71843
39293
68531
63197
80833
88223
63199
53401
72997
68539
68543
81761
59863
58763
78467
76243
81769
58771
90469
50051
90473
50053
63211
55457
82913
86287
64171
86291
86293
53407
33889
53411
33893
60937
89381
60943
66359
66361
36187
51239
41351
51241
36191
41357
62003
66373
75479
56527
54419
78479
54421
56531
56533
53419
92639
92641
94847
67493
94849
79531
95947
67499
87251
42457
78487
39301
70729
97039
51257
39313
78497
71849
73009
51263
39317
48989
48991
39323
73013
62011
59879
62017
73019
49003
81773
78509
78511
90481
88237
80849
93739
78517
88241
74047
57637
55469
57641
86297
74051
91621
89387
76249
50069
76253
89393
64187
50077
69809
64189
78539
78541
52489
76259
76261
50087
79537
58787
58789
33911
75503
98123
33923
78553
66377
77317
33931
33937
63241
65353
33941
66383
77323
59887
81799
42461
95957
42463
83969
54437
42467
95959
87253
86311
65357
42473
60953
54443
87257
52501
92647
85193
41381
41387
52511
41389
69821
79549
78569
86323
57649
67511
78571
69827
57653
49009
69829
65371
69833
78577
56543
49019
51283
51287
78583
65381
49031
86341
49033
63247
40387
79559
79561
55487
53437
90499
51307
46993
53441
86351
46997
86353
89399
71861
53453
52517
71867
59921
52529
42487
59929
42491
52541
68567
52543
42499
65393
63277
80863
63281
92657
57667
74071
82939
60961
95971
81817
85199
85201
65407
50093
41399
39341
39343
79579
50101
41411
33961
33967
39359
83983
53479
98129
39367
83987
69847
39371
59951
99317
54449
67523
59957
69857
40423
69859
67531
78593
40427
73037
40429
91631
94873
70753
88259
88261
73039
75511
56569
73043
90511
77339
51329
62039
42509
95987
79589
89413
95989
85213
51341
51343
89417
51347
55501
75521
65413
47017
87277
57679
68581
63299
62047
75527
65419
55511
74077
52553
71879
66403
64217
71881
63311
63313
53503
52561
41413
63317
91639
52567
62053
52571
62057
59971
52579
78607
50111
75533
87281
33997
50119
40433
79601
50123
75539
51349
78623
65423
51361
92669
40459
67537
54469
58831
65437
73061
73063
67547
49037
66413
49043
62071
96001
70769
56591
53507
79609
42533
86357
79613
77347
77351
87293
53527
57689
79621
59981
87299
76283
47041
57697
65447
65449
76289
64223
75541
64231
90523
55529
64237
66431
80897
41443
81839
96013
41453
39373
96017
84011
69877
79627
39383
71887
62081
79631
68597
79633
51383
71899
85223
74093
66449
62099
93761
63331
99347
56597
93763
66457
56599
99349
63337
73079
75553
97073
75557
63347
50129
42557
50131
86369
63353
86371
73091
42569
42571
92671
47051
63361
66463
84017
47057
57709
66467
47059
63367
57713
82963
98143
91673
78643
40471
78649
40483
78653
53549
87313
53551
52583
70783
54493
49057
54497
54499
80909
49069
51407
80911
59999
77359
51413
96043
51419
51421
90527
41467
69899
90529
66491
55541
90533
96053
52609
75571
41479
39397
89431
66499
75577
67559
96059
39409
86381
75583
66509
67567
39419
85229
94889
63377
80917
53569
88289
68611
80923
74099
56611
63389
61001
74101
47087
63391
79657
80929
61007
47093
63397
91691
82981
92681
42577
63409
79669
92683
81847
62119
42589
97081
69911
57719
71909
50147
50153
94903
57727
71917
50159
57731
94907
76303
40487
54503
87317
40493
85237
40499
87323
51427
55547
81853
60013
77369
60017
53591
63419
53593
63421
53597
51431
67577
67579
96079
65479
89443
52627
41491
93787
52631
89449
70793
99367
85243
96097
85247
39439
51437
49081
51439
87337
88301
51449
61027
73121
85259
56629
92693
73127
56633
92699
50177
78691
47111
69929
47119
69931
65497
47123
42611
47129
71933
69941
73133
57737
86389
53609
96137
73141
53611
54517
40507
49103
54521
80933
49109
40519
49117
55579
87359
49121
40529
96149
49123
99371
77377
60029
91703
67589
77383
60037
62129
96157
62131
79687
90547
64271
63439
66523
82997
64279
66529
78697
64283
96167
83003
41507
84047
51461
41513
41519
89459
58889
41521
98179
39443
51473
61031
68633
96179
58897
96181
39451
63443
58901
68639
53617
39461
61043
79691
58907
79693
53623
74131
79697
92707
99377
87383
96199
71941
97103
81869
73181
91711
66533
56659
73189
54539
76333
54541
60041
78707
65519
52639
65521
78713
57751
49139
86399
50207
55589
40531
79699
67601
53629
53633
40543
67607
53639
66541
75611
51479
81883
51481
87403
93809
69959
84053
75617
70823
87407
65537
65539
68659
62137
74143
94933
96211
61051
41539
83009
74149
61057
41543
63463
51487
54547
96221
63467
84059
96223
92717
84061
63473
62141
71947
62143
88321
96233
78721
75619
56663
76343
56671
50221
42641
42643
75629
50227
42649
50231
55603
55609
99391
87421
75641
97117
53653
47137
57773
58909
47143
67619
51503
58913
47147
75653
57781
47149
49157
93811
51511
58921
75659
40559
51517
49169
49171
51521
49177
66553
73237
91733
89477
87427
75679
70841
70843
75683
54559
87433
64301
78737
54563
64303
66569
83023
75689
53657
80953
41549
92723
52667
85297
75703
68669
84067
98207
75707
75709
47161
86413
71963
74159
39499
74161
73243
94949
53681
94951
86423
56681
71971
74167
75721
88327
65543
63487
65551
60077
88337
57787
55619
97127
55621
62171
57791
57793
91753
49193
99397
40577
49199
49201
40583
81899
52673
81901
90583
40591
85303
40597
69991
87443
80963
51539
77417
69997
77419
89491
70001
51551
54577
70003
66571
54581
64319
93827
54583
63493
64327
63499
52691
85313
42667
70849
52697
42677
68683
70853
42683
47189
99401
56687
75731
74177
73259
61091
99409
60083
67631
94961
41579
91757
65557
60089
60091
41593
65563
88339
75743
78779
53693
92737
78781
50261
65579
53699
68687
78787
57803
58937
98213
78791
57809
58943
71983
68699
78797
49207
76367
76369
96259
49211
78803
63521
77431
70009
49223
55631
78809
55633
64333
55639
70019
84089
81919
42689
66587
78823
42697
42701
70867
42703
89501
81929
96263
56701
85331
54601
61099
73277
96269
51563
78839
56711
56713
41597
41603
85333
91771
74189
78853
41609
41611
63527
67651
78857
41617
66593
63533
60101
60103
63541
66601
81931
60107
87473
50263
78877
50273
62189
87481
62191
66617
57829
71987
65581
62201
73291
91781
71993
62207
97151
76379
90599
98221
81937
86441
76387
98227
42709
42719
78887
58963
55661
42727
89513
78889
55663
70039
65587
54617
78893
75767
74197
75773
61121
81943
56731
78901
65599
68711
41621
68713
41627
79757
53717
96281
53719
87491
92753
70877
78919
75781
51577
79769
70879
51581
60127
83047
74201
78929
74203
85361
93851
85363
74209
63559
71999
73303
80989
50287
78941
50291
57839
73309
75787
77447
54623
86453
91801
49253
97157
54629
49261
54631
55667
99431
58967
75793
55673
96289
81953
64373
49277
70051
53731
42737
61129
78977
65609
78979
42743
96293
42751
56737
78989
75797
89519
66629
89521
67679
81967
56747
63577
92761
41641
91807
41647
60133
41651
58979
92767
60139
41659
73327
79777
51593
83059
70891
74219
91811
85369
70061
83063
94993
97159
79031
83071
94999
72019
91813
88379
95003
57847
79039
76403
87509
81001
79043
62213
63587
57853
51599
63589
50311
86461
57859
70067
65617
55681
68729
86467
99439
55691
62219
65629
68737
65633
87511
63599
55697
63601
54647
49279
61141
64381
70079
90617
49297
81971
81013
90619
91823
81017
73331
81019
42767
67699
42773
81023
89527
84121
89533
85381
92779
63607
58991
41669
63611
60149
58997
66643
79063
93871
41681
81973
87517
70901
72031
74231
96323
84127
87523
97169
97171
61151
61153
98251
91837
79087
97177
77471
50321
91841
98257
62233
96329
50329
77477
76421
77479
96331
76423
53759
68743
65647
96337
68749
65651
53773
64399
55711
53777
54667
63617
54673
42787
73351
95009
70099
42793
54679
42797
56767
96353
91867
66653
90631
83077
56773
92789
91873
56779
41687
84131
70913
84137
60161
49307
70919
72043
84143
70921
60167
60169
72047
96377
50333
86477
59009
50341
59011
61169
98269
88397
79801
91909
63629
88411
73361
96401
87539
91921
67709
73363
77489
77491
73369
97187
49331
49333
57881
55717
49339
55721
91939
91943
96419
64403
92791
62273
90641
79811
87541
65657
81031
90647
96431
99469
56783
93887
93889
81041
68767
83089
82003
93893
65677
96443
72053
59021
95021
59023
87547
56807
56809
59029
95027
91951
96451
87553
79813
82007
79817
91957
70111
70937
96457
91961
79823
70117
96461
50359
70121
50363
79829
82009
91967
70949
70951
91969
53783
85411
96469
74257
67723
53791
96479
86491
76441
77509
83093
73379
77513
96487
83101
82013
55733
54709
54713
91997
66683
96493
54721
96497
92003
57899
57901
68771
92009
68777
87557
92801
87559
86501
92809
68791
70123
63647
64433
63649
89561
81043
96517
89563
64439
65687
93901
81047
89567
81049
82021
92033
96527
92041
88423
70139
73387
50377
88427
50383
92051
49363
50387
84163
49367
56813
61211
49369
82031
72073
56821
72077
74279
66697
62297
56827
62299
67733
66701
96553
63659
62303
67741
62311
72089
99487
72091
90659
92077
66713
86509
70957
57917
92083
96557
57923
65699
77521
54727
63667
79841
59051
59053
77527
79843
55763
59063
70141
98297
59069
98299
96581
60209
67751
96587
65701
96589
83117
93911
60217
67757
65707
67759
93913
63671
65713
64451
64453
65717
96601
65719
93923
76463
92107
85427
74287
85429
92111
76471
56843
74293
70969
82037
85439
92119
76481
70979
97213
99497
92821
81071
49391
49393
84179
70157
84181
79847
66721
92143
82039
61223
96643
90677
55787
90679
61231
92153
79861
55793
67763
83137
92831
54751
82051
96661
63689
62323
72101
63691
92173
72103
95063
96667
62327
57943
92177
96671
92179
57947
86531
95071
68813
56857
86533
73417
59077
60223
70981
92189
73421
81077
93937
87583
50411
79867
87587
59083
50417
66733
87589
79873
92203
50423
66739
59093
96697
70163
74297
77543
63697
84191
77549
92219
77551
79889
92221
76487
70177
55799
98317
84199
92227
98321
55807
89591
98323
92233
76493
85447
61253
67777
92237
98327
81083
54767
61261
67783
92243
72109
85451
54773
65729
85453
65731
62347
92251
62351
64483
97231
57973
73433
57977
56873
76507
76511
60251
59107
70991
60257
57991
86539
60259
70997
70999
95083
92849
99523
50441
88463
58013
93941
68819
74311
70181
66749
68821
77557
70183
66751
58027
74317
77563
82067
58031
55813
61283
74323
55817
81097
55819
82073
66763
61291
55823
92269
81101
61297
67789
95087
59113
95089
89597
59119
89599
59123
67801
93949
89603
64489
89611
99527
58043
84211
64499
99529
92297
54779
65761
54787
92857
56891
56893
56897
92861
90697
76519
70199
71011
97241
90703
70201
56909
56911
77569
92863
71023
77573
73453
72139
65777
79901
85469
88469
66791
88471
65789
60271
66797
92867
77587
95093
55829
58049
50459
50461
62383
93967
55837
58057
93971
58061
95101
87613
55843
58067
55849
86561
58073
93979
54799
98347
93983
61331
84221
61333
79903
67807
76537
90709
61339
79907
76541
81119
61343
73459
67819
84223
66809
72161
84229
72167
66821
72169
88493
70207
64513
76543
59141
93997
83177
61357
89627
86573
95107
61363
56921
95111
86579
72173
56923
56929
59149
85487
92893
56941
71039
92899
87623
77591
50497
76561
87629
65809
87631
68863
73471
54829
77611
81131
76579
73477
60289
55871
60293
58099
73483
62401
55889
76597
74353
94007
59159
55897
74357
94009
67829
76603
70223
98369
76607
59167
89633
70229
97259
67843
99551
66841
84239
90731
92921
67853
76631
92927
88499
72211
64553
74363
72221
76649
88513
76651
72223
87641
86587
72227
87643
72229
56951
95131
56957
71059
87649
56963
76667
84247
71069
68879
76673
89653
68881
92941
89657
76679
54833
61379
68891
77617
61381
84263
77621
62417
68897
68899
62423
54851
92951
76697
99559
61403
65827
99563
66851
55901
66853
65831
55903
72251
81157
65837
65839
79939
92957
81163
66863
70237
79943
76717
72253
98377
55921
70241
92959
55927
60317
83203
66877
55931
98387
85513
98389
85517
60331
67867
59183
64567
90749
94033
72269
86599
82129
72271
64577
72277
64579
97283
83207
76733
88523
58109
58111
74377
85523
70249
74381
95143
72287
76753
85531
71081
58129
76757
71089
68903
59197
68909
76771
74383
67883
61409
59207
92987
76777
59209
76781
67891
61417
87671
65843
56983
92993
56989
65851
56993
83219
83221
56999
89659
66883
72307
76801
73517
54869
83227
65867
66889
93001
73523
83231
54877
60337
77641
72313
68917
60343
77647
76819
68927
60353
76829
77659
62459
76831
99571
64591
94049
76837
99577
89669
81173
64601
89671
55933
99581
76847
98407
58147
98411
54881
58151
86627
55949
58153
72337
86629
82139
82141
81181
72341
76871
67901
76873
89681
82153
95153
88547
76883
70271
59219
89689
59221
79967
72353
64609
59233
79973
64613
59239
79979
64621
83233
73529
61441
64627
93047
79987
65881
62467
93053
97301
97303
87679
84299
93059
61463
87683
74411
85549
57037
74413
68947
57041
66919
74419
83243
66923
93077
66931
68963
73547
72367
94057
58169
58171
62473
62477
94063
72379
72383
70289
93083
55967
98419
81197
81199
77681
70297
93089
81203
60373
77687
90787
77689
55987
59243
60383
93097
90793
55997
93103
71119
67927
60397
59263
67931
82163
90803
67933
72421
64633
71129
93113
82171
95177
72431
84307
84313
98429
83257
87691
84317
64661
57047
87697
87701
79997
79999
72461
57059
65899
62483
93131
72467
72469
93133
95189
57073
83267
95191
62497
57077
83269
94079
62501
72481
58189
62507
58193
74441
83273
58199
72493
99607
61469
74449
61471
72497
66943
93139
74453
99611
81223
66947
66949
61483
85571
97327
61487
59273
66959
93151
61493
67939
71143
73553
83299
85577
71147
67943
71153
73561
90821
71161
90823
84319
67957
98443
93169
73571
71167
67961
77699
93179
98453
87719
88589
77711
87721
77713
88591
74471
93187
98459
59281
83311
77719
64663
95203
64667
93199
95213
64679
82183
94099
68993
82189
69001
83339
80021
83341
57089
86677
66973
66977
57097
62533
62539
99623
83357
71171
67967
90833
80039
85597
85601
90841
67979
93229
85607
90847
71191
67987
81233
69011
77723
93239
83383
93241
81239
69019
73583
74489
77731
88607
83389
88609
73589
69029
82193
93251
83399
77743
95219
93253
83401
77747
93257
94109
84347
83407
94111
84349
97367
97369
82207
93263
95231
94117
97373
64693
95233
83417
73597
94121
97379
83423
95239
97381
62549
98467
64709
87739
83431
89753
93281
87743
98473
64717
93283
83437
89759
99643
93287
98479
83443
71209
89767
83449
80051
67993
83459
90863
93307
80071
82217
82219
69031
82223
85619
68023
74507
85621
93319
74509
82231
93323
86689
77761
86693
82237
93329
74521
82241
93337
77773
97387
87751
77783
88643
83471
97397
95257
83477
88651
62563
84377
88657
89779
64747
89783
62581
98491
83497
71233
74527
71237
99661
74531
64763
89797
81281
81283
99667
93371
71249
85627
93377
71257
89809
68041
74551
71261
86711
71263
93383
80077
94151
68053
89819
90887
86719
94153
89821
68059
69061
82261
69067
82267
68071
84389
69073
62591
84391
77797
94169
62597
89833
80107
77801
87767
80111
88661
84401
89839
88663
95261
88667
77813
95267
74561
99679
89849
85639
99689
88681
74567
81293
90901
80141
64781
74573
64783
81299
85643
89867
90907
80147
80149
98507
90911
64793
80153
99707
90917
97423
86729
99709
98519
80167
71287
68087
80173
71293
97429
86743
87793
80177
74587
87797
68099
69109
98533
84407
95273
85661
77839
82279
95279
98543
74597
85667
85669
77849
95287
97441
87803
74609
74611
77863
77867
84421
99713
89891
74623
69119
99719
80191
99721
69127
86753
77893
98561
98563
74653
77899
87811
97453
88721
84431
98573
97459
84437
90931
94201
84443
97463
94207
89897
82301
84449
89899
82307
77929
74687
86767
77933
94219
89909
86771
74699
95311
89917
85691
86783
95317
71317
77951
87833
89923
99733
71327
71329
84457
95327
97499
71333
97501
77969
84463
69143
71339
71341
84467
77977
69149
69151
97511
77983
88729
98597
69163
84481
99761
97523
77999
82339
88741
99767
89939
90947
94229
88747
82349
84499
82351
84503
87853
84509
82361
89959
97547
71347
97549
90971
87869
94253
97553
71353
82373
71359
97561
94261
71363
98621
69191
97571
69193
82387
69197
98627
97577
94273
84521
90977
82393
97579
84523
97583
71387
87877
71389
84533
95339
87881
99787
90989
94291
88771
87887
99793
84551
90997
84559
94307
89963
88789
94309
99809
91009
88793
97607
97609
99817
98639
88799
98641
88801
97613
89977
94321
91019
99823
94327
89983
99829
71399
88807
84589
94331
99833
88811
89989
88813
91033
99839
88817
88819
98663
94343
95369
94349
90001
98669
94351
90007
90011
97649
99859
95383
97651
90017
88843
90019
90023
95393
98689
99871
88853
90031
94379
95401
99877
91079
88861
99881
91081
97673
88867
95413
95419
88873
98711
94397
98713
94399
90053
91097
97687
95429
91099
98717
88883
99901
90059
99907
95441
95443
90067
98729
88897
98731
94421
88903
99923
97711
91121
98737
94427
95461
99929
91127
91129
94433
95467
88919
95471
94439
94441
91139
97729
91141
95479
94447
95483
90071
88937
91151
90073
91153
99961
91159
94463
88951
90089
99971
91163
95507
94477
98773
88969
94483
99989
98779
99991
91183
97771
95527
97777
95531
91193
88993
97787
97789
88997
98801
95539
91199
98807
98809
95549
95561
95569
98837
95581
98849
95597
98867
98869
98873
98887
98893
98897
98899
